
    Itn     QP mult  QP step   rgNorm          NonOpt   QP Objective   +SBS   -SBS    -BS    Pivot     L+U ncp    nS condZHZ
    256                       3.7E-01                  2.0880397E+00                                   730       146 1.3E+01
    257              6.2E-01  1.3E-01                  1.2119553E+00           132    283 -8.8E-01     744       145 8.3E+00
    258              5.3E-01  6.1E-02                  1.0982970E+00            18    195  1.0E+00     758       144 8.3E+00
    259              7.2E-01  1.7E-02                  1.0697250E+00           110    253  9.3E-01     793       143 8.3E+00
    260              5.0E-02  1.6E-02                  1.0695020E+00           163    305 -1.1E+00     810       142 8.3E+00
    261              3.2E-01  1.1E-02                  1.0684306E+00            20    197  1.0E+00     825       141 8.3E+00
    262              1.0E-01  9.8E-03                  1.0682521E+00            50    225 -1.1E+00     849       140 8.3E+00
    263              8.2E-01  2.2E-03                  1.0675741E+00            63    237  2.2E-01     880       139 2.9E+01
    264              4.4E-01  1.2E-03                  1.0675595E+00           130    281 -1.1E+00     896       138 2.9E+01
    265              1.0E+00  5.6E-17              43  1.0675529E+00                                   896       138 2.9E+01
    266    -1.7E-01  1.0E+00  6.9E-17              41  1.0403203E+00    315                            896       139 2.9E+01
    267     2.0E-01  7.1E-01  5.9E-02              41  9.4333461E-01    294     21    245  1.6E-01     930       139 2.9E+01
    268              8.2E-01  1.7E-16              43  9.3442069E-01           294         3.1E-01     930       138 2.9E+01
    269    -1.8E-01  1.0E+00  1.1E-15              43  8.8616339E-01    210                            930       139 2.9E+01
    270    -2.1E-01  1.0E+00  1.1E-15              41  8.5069824E-01      9                            930       140 2.9E+01
    271     1.7E-01  1.0E+00  3.2E-15              41  7.9272567E-01    213                            930       141 2.9E+01
    272    -1.7E-01  5.0E-01  8.6E-02              41  7.3923641E-01    297    315        -1.6E-01     930       141 2.9E+01
    273              1.0E+00  2.2E-16              43  7.2323221E-01                                   930       141 2.9E+01
    274     1.6E-01  9.1E-01  1.4E-02              43  6.9668662E-01     12    213         3.0E-01     930       141 2.9E+01
    275              1.0E+00  2.8E-17              44  6.9654365E-01                                   930       141 2.9E+01
    276    -1.2E-01  1.0E+00  1.7E-14              44  6.5583730E-01     11                            930       142 2.9E+01
    277    -1.0E-01  1.0E+00  9.6E-16              43  6.2018495E-01    212                            930       143 2.9E+01
    278     9.1E-02  1.0E+00  6.4E-16              42  5.9211489E-01    226                            930       144 2.9E+01
    279     8.7E-02  1.0E+00  4.2E-16              40  5.6711136E-01    296                            930       145 2.9E+01
    280    -1.1E-01  4.8E-01  5.6E-02              40  5.5990130E-01    189    210        -4.3E-02     930       145 2.9E+01
    281              1.0E+00  8.9E-17              40  5.5723219E-01                                   930       145 2.9E+01
    282     8.7E-02  1.0E+00  2.1E-15              40  5.3056422E-01    238                            930       146 2.9E+01
    283     8.9E-02  1.0E+00  4.2E-16              40  5.1805806E-01     10                            930       147 2.9E+01
    284     8.3E-02  8.2E-01  1.5E-02              40  4.9638362E-01    311    297        -2.4E-01     930       147 2.9E+01
    285              1.0E+00  6.2E-17              40  4.9580370E-01                                   930       147 2.9E+01
    286    -5.9E-02  1.0E+00  2.5E-16              39  4.8267095E-01    317                            930       148 2.9E+01
    287     5.4E-02  1.0E+00  3.2E-16              39  4.7203176E-01    303                            930       149 2.9E+01
    288     5.2E-02  1.0E+00  2.1E-16              37  4.6151957E-01    233                            930       150 2.9E+01
    289    -5.1E-02  1.0E+00  3.3E-16              36  4.5243022E-01    205                            930       151 2.9E+01
    290     4.2E-02  1.0E+00  2.7E-16              35  4.3937129E-01    318                            930       152 4.7E+01
    291     3.9E-02  1.0E+00  4.2E-17              33  4.3696019E-01    232                            930       153 4.7E+01
    292     4.8E-02  1.0E+00  7.0E-17              31  4.3270373E-01    204                            930       154 4.7E+01
    293     3.5E-02  1.0E+00  7.8E-16              32  4.2675933E-01    220                            930       155 4.7E+01
    294    -3.3E-02  1.0E+00  4.6E-16              31  4.1881100E-01    234                            930       156 4.7E+01
    295    -3.3E-02  1.0E+00  5.4E-16              31  4.1178157E-01    323                            930       157 4.7E+01

    Itn     QP mult  QP step   rgNorm          NonOpt   QP Objective   +SBS   -SBS    -BS    Pivot     L+U ncp    nS condZHZ
    296    -3.1E-02  1.0E+00  2.8E-16              30  4.0271559E-01    273                            930       158 5.9E+01
    297     3.0E-02  1.0E+00  5.4E-15              29  3.9419791E-01    231                            930       159 5.9E+01
    298    -3.0E-02  1.0E+00  2.8E-16              28  3.8702543E-01    305                            930       160 5.9E+01
    299     2.7E-02  1.0E+00  1.6E-16              29  3.8362289E-01    315                            930       161 5.9E+01
    300    -2.7E-02  1.0E+00  5.5E-15              28  3.7667296E-01    245                            930       162 6.1E+01
    301     2.5E-02  1.0E+00  1.2E-15              26  3.7089807E-01    237                            930       163 6.1E+01
    302     2.4E-02  1.0E+00  3.0E-16              25  3.6545721E-01    195                            930       164 6.1E+01
    303    -2.2E-02  1.0E+00  2.0E-16              24  3.6321966E-01    304                            930       165 6.1E+01
    304     2.5E-02  1.0E+00  3.7E-16              23  3.6026707E-01    283                            930       166 6.1E+01
    305     2.1E-02  1.0E+00  1.2E-16              22  3.5816466E-01    309                            930       167 6.1E+01
    306    -2.1E-02  1.0E+00  3.0E-16              20  3.5594931E-01    308                            930       168 6.1E+01
    307     2.6E-02  1.0E+00  2.0E-16              20  3.5232830E-01    287                            930       169 6.1E+01
    308     2.1E-02  1.0E+00  1.4E-16              19  3.5078074E-01      5                            930       170 6.1E+01
    309    -2.2E-02  1.0E+00  2.7E-15              18  3.4841165E-01    199                            930       171 6.1E+01
    310    -2.2E-02  1.0E+00  5.3E-16              18  3.4603440E-01    217                            930       172 6.1E+01
    311    -2.2E-02  1.0E+00  2.1E-16              17  3.4347098E-01    290                            930       173 6.1E+01
    312     2.7E-02  1.0E+00  9.4E-17              16  3.3827262E-01    297                            930       174 6.1E+01
    313     1.9E-02  1.0E+00  8.2E-17              15  3.3672507E-01    260                            930       175 6.1E+01
    314     1.9E-02  1.0E+00  3.4E-16              14  3.3492496E-01    196                            930       176 6.1E+01
    315    -1.9E-02  1.0E+00  5.7E-16              13  3.3279397E-01    213                            930       177 6.1E+01
    316     2.8E-02  1.0E+00  1.9E-15              12  3.2699821E-01    206                            930       178 6.1E+01
    317    -1.9E-02  1.0E+00  7.4E-16              11  3.2473926E-01    203                            930       179 6.1E+01
    318     2.5E-02  1.0E+00  1.1E-15              10  3.1861362E-01    210                            930       180 6.2E+01
    319    -1.8E-02  1.0E+00  1.4E-16               9  3.1664520E-01    294                            930       181 6.2E+01
    320     2.6E-02  1.0E+00  1.8E-16               8  3.0999031E-01    301                            930       182 6.2E+01
    321    -1.7E-02  1.0E+00  8.5E-17               7  3.0896675E-01      2                            930       183 6.2E+01
    322     6.6E-03  1.0E+00  7.4E-17               6  3.0860221E-01    197                            930       184 6.2E+01
    323     6.0E-03  1.0E+00  1.3E-15               5  3.0829275E-01    281                            930       185 6.2E+01
    324     5.8E-03  1.0E+00  2.7E-17               4  3.0800283E-01    302                            930       186 6.2E+01
    325     4.9E-03  1.0E+00  2.0E-17               3  3.0780340E-01    253                            930       187 6.2E+01
    326     5.5E-03  1.0E+00  1.5E-17               2  3.0755610E-01    239                            930       188 6.2E+01
    327     4.3E-03  1.0E+00  4.0E-17               1  3.0740576E-01    225                            930       189 6.2E+01
    328     5.2E-03  1.0E+00  2.0E-17                  3.0716840E-01    211                            930       190 6.2E+01

   Itns Major Minors    Step   nCon Feasible  Optimal  MeritFunction     L+U BSwap     nS condZHZ Penalty
    328     2     72 2.6E-03      5 (0.0E+00) 4.9E-03  3.0882824E-01     930          190 6.2E+01         _s

    Itn     QP mult  QP step   rgNorm          NonOpt   QP Objective   +SBS   -SBS    -BS    Pivot     L+U ncp    nS condZHZ
    328                       3.3E-02                  2.9993097E-01                                   867       190 6.1E+01
    329              1.0E+00  1.5E-15                  2.9793629E-01                                   867       190 6.1E+01

   Itns Major Minors    Step   nCon Feasible  Optimal  MeritFunction     L+U BSwap     nS condZHZ Penalty
    329     3      1 1.0E+00      6 (0.0E+00) 9.6E-03  2.9996974E-01     867          190 6.1E+01         _
1

 SNOPTB EXIT   0 -- finished successfully
 SNOPTB INFO   3 -- requested accuracy could not be achieved

 Problem name                 prob
 No. of iterations                 329   Objective            2.9996973724E-01
 No. of major iterations             3   Linear    obj. term  0.0000000000E+00
 Penalty parameter           0.000E+00   Nonlinear obj. term  2.9996973724E-01
 No. of calls to funobj             12   No. of calls to funcon             12
 No. of superbasics                190   No. of basic nonlinears            47
 No. of degenerate steps             0   Percentage                       0.00
 Max x                     191 9.3E-01   Max pi                      1 0.0E+00
 Max Primal infeas           0 0.0E+00   Max Dual infeas            49 9.6E-03
 Nonlinear constraint violn    0.0E+00
1

 Name           prob                     Objective Value      2.9996973724E-01

 Status         Optimal Soln             Iteration    329    Superbasics   190

 Objective               (Min)
 RHS
 Ranges
 Bounds

 Section 1 - Constraints

  Number  ...Row.. State  ...Value......  Slack Value...  ..Lower Limit.  ..Upper Limit.  .Dual Variable    ..i

     195  r      1   SBS         0.01625        -0.48375        -0.50000         0.50000          .           1
     196  r      2   SBS         0.02585        -0.47415        -0.50000         0.50000          .           2
     197  r      3   SBS         0.37477        -0.12523        -0.50000         0.50000          .           3
     198  r      4    BS         0.01862        -0.48138        -0.50000         0.50000          .           4
     199  r      5   SBS         0.00270        -0.49730        -0.50000         0.50000          .           5
     200  r      6    BS        -0.00303         0.49697        -0.50000         0.50000          .           6
     201  r      7    BS         0.00827        -0.49173        -0.50000         0.50000          .           7
     202  r      8    BS        -0.01426         0.48574        -0.50000         0.50000          .           8
     203  r      9   SBS         0.01956        -0.48044        -0.50000         0.50000          .           9
     204  r     10   SBS         0.39006        -0.10994        -0.50000         0.50000          .          10
     205  r     11   SBS        -0.01345         0.48655        -0.50000         0.50000          .          11
     206  r     12   SBS        -0.02788         0.47212        -0.50000         0.50000          .          12
     207  r     13    BS        -0.00110         0.49890        -0.50000         0.50000          .          13
     208  r     14    BS        -0.00531         0.49469        -0.50000         0.50000          .          14
     209  r     15    BS         0.00674        -0.49326        -0.50000         0.50000          .          15
     210  r     16   SBS         0.00715        -0.49285        -0.50000         0.50000          .          16
     211  r     17   SBS         0.41041        -0.08959        -0.50000         0.50000          .          17
     212  r     18   SBS        -0.00269         0.49731        -0.50000         0.50000          .          18
     213  r     19   SBS         0.02162        -0.47838        -0.50000         0.50000          .          19
     214  r     20    BS         0.00609        -0.49391        -0.50000         0.50000          .          20
     215  r     21    BS        -0.00028         0.49972        -0.50000         0.50000          .          21
     216  r     22    BS        -0.00421         0.49579        -0.50000         0.50000          .          22
     217  r     23   SBS        -0.01884         0.48116        -0.50000         0.50000          .          23
     218  r     24    BS         0.36140        -0.13860        -0.50000         0.50000          .          24
     219  r     25    BS         0.00152        -0.49848        -0.50000         0.50000          .          25
     220  r     26   SBS        -0.00311         0.49689        -0.50000         0.50000          .          26
     221  r     27    BS        -0.00325         0.49675        -0.50000         0.50000          .          27
     222  r     28    BS        -0.00216         0.49784        -0.50000         0.50000          .          28
     223  r     29    BS         0.00686        -0.49314        -0.50000         0.50000          .          29
     224  r     30    BS         0.02667        -0.47333        -0.50000         0.50000          .          30
     225  r     31   SBS         0.40881        -0.09119        -0.50000         0.50000          .          31
     226  r     32   SBS         0.00252        -0.49748        -0.50000         0.50000          .          32
     227  r     33    BS        -0.01765         0.48235        -0.50000         0.50000          .          33
     228  r     34    BS        -0.00408         0.49592        -0.50000         0.50000          .          34
     229  r     35    BS         0.00522        -0.49478        -0.50000         0.50000          .          35
     230  r     36    BS        -0.01078         0.48922        -0.50000         0.50000          .          36
     231  r     37   SBS         0.01366        -0.48634        -0.50000         0.50000          .          37
     232  r     38   SBS         0.38363        -0.11637        -0.50000         0.50000          .          38
     233  r     39   SBS        -0.00303         0.49697        -0.50000         0.50000          .          39
     234  r     40   SBS        -0.00691         0.49309        -0.50000         0.50000          .          40
     235  r     41    BS         0.00560        -0.49440        -0.50000         0.50000          .          41
     236  r     42    BS        -0.00766         0.49234        -0.50000         0.50000          .          42
     237  r     43   SBS         0.01490        -0.48510        -0.50000         0.50000          .          43
     238  r     44   SBS         0.00138        -0.49862        -0.50000         0.50000          .          44
     239  r     45   SBS         0.39261        -0.10739        -0.50000         0.50000          .          45
     240  r     46    BS         0.00323        -0.49677        -0.50000         0.50000          .          46
     241  r     47    BS        -0.01240         0.48760        -0.50000         0.50000          .          47
     242  r     48    BS         0.00032        -0.49968        -0.50000         0.50000          .          48
     243  r     49    BS         0.00998        -0.49002        -0.50000         0.50000          .          49
     244  r     50    BS        -0.01407         0.48593        -0.50000         0.50000          .          50
     245  r     51   SBS         0.01201        -0.48799        -0.50000         0.50000          .          51
     246  r     52    BS         0.39087        -0.10913        -0.50000         0.50000          .          52
     247  r     53    BS        -0.00194         0.49806        -0.50000         0.50000          .          53
     248  r     54    BS         0.00466        -0.49534        -0.50000         0.50000          .          54
     249  r     55    BS        -0.00550         0.49450        -0.50000         0.50000          .          55
     250  r     56    BS        -0.00783         0.49217        -0.50000         0.50000          .          56
     251  r     57    BS         0.00819        -0.49181        -0.50000         0.50000          .          57
     252  r     58    BS        -0.00267         0.49733        -0.50000         0.50000          .          58
     253  r     59   SBS         0.39867        -0.10133        -0.50000         0.50000          .          59
     254  r     60    BS        -0.00172         0.49828        -0.50000         0.50000          .          60
     255  r     61    BS        -0.01149         0.48851        -0.50000         0.50000          .          61
     256  r     62    BS         0.00230        -0.49770        -0.50000         0.50000          .          62
     257  r     63    BS         0.00572        -0.49428        -0.50000         0.50000          .          63
     258  r     64    BS        -0.00173         0.49827        -0.50000         0.50000          .          64
     259  r     65    BS         0.00713        -0.49287        -0.50000         0.50000          .          65
     260  r     66   SBS         0.38751        -0.11249        -0.50000         0.50000          .          66
     261  r     67    BS        -0.00433         0.49567        -0.50000         0.50000          .          67
     262  r     68    BS         0.01292        -0.48708        -0.50000         0.50000          .          68
     263  r     69    BS         0.00535        -0.49465        -0.50000         0.50000          .          69
     264  r     70    BS        -0.00667         0.49333        -0.50000         0.50000          .          70
     265  r     71    BS        -0.00615         0.49385        -0.50000         0.50000          .          71
     266  r     72    BS        -0.01589         0.48411        -0.50000         0.50000          .          72
     267  r     73    BS         0.39942        -0.10058        -0.50000         0.50000          .          73
     268  r     74    BS         0.00449        -0.49551        -0.50000         0.50000          .          74
     269  r     75    BS         0.00599        -0.49401        -0.50000         0.50000          .          75
     270  r     76    BS        -0.00817         0.49183        -0.50000         0.50000          .          76
     271  r     77    BS         0.00932        -0.49068        -0.50000         0.50000          .          77
     272  r     78    BS         0.00824        -0.49176        -0.50000         0.50000          .          78
     273  r     79   SBS         0.00368        -0.49632        -0.50000         0.50000          .          79
     274  r     80    BS         0.38945        -0.11055        -0.50000         0.50000          .          80
     275  r     81    BS        -0.00356         0.49644        -0.50000         0.50000          .          81
     276  r     82   SBS        -0.00445         0.49555        -0.50000         0.50000          .          82
     277  r     83    BS         0.00434        -0.49566        -0.50000         0.50000          .          83
     278  r     84    BS        -0.01081         0.48919        -0.50000         0.50000          .          84
     279  r     85    BS        -0.00238         0.49762        -0.50000         0.50000          .          85
     280  r     86    BS        -0.01046         0.48954        -0.50000         0.50000          .          86
     281  r     87   SBS         0.39758        -0.10242        -0.50000         0.50000          .          87
     282  r     88    BS        -0.00181         0.49819        -0.50000         0.50000          .          88
     283  r     89   SBS         0.00695        -0.49305        -0.50000         0.50000          .          89
     284  r     90    BS         0.00367        -0.49633        -0.50000         0.50000          .          90
     285  r     91    BS         0.01044        -0.48956        -0.50000         0.50000          .          91
     286  r     92    BS         0.00023        -0.49977        -0.50000         0.50000          .          92
     287  r     93   SBS        -0.00409         0.49591        -0.50000         0.50000          .          93
     288  r     94    BS         0.39200        -0.10800        -0.50000         0.50000          .          94
     289  r     95    BS         0.00585        -0.49415        -0.50000         0.50000          .          95
     290  r     96   SBS         0.01039        -0.48961        -0.50000         0.50000          .          96
     291  r     97    BS        -0.01057         0.48943        -0.50000         0.50000          .          97
     292  r     98    BS        -0.01081         0.48919        -0.50000         0.50000          .          98
     293  r     99    BS         0.00111        -0.49889        -0.50000         0.50000          .          99
     294  r    100   SBS         0.02413        -0.47587        -0.50000         0.50000          .         100
     295  r    101    BS         0.39464        -0.10536        -0.50000         0.50000          .         101
     296  r    102   SBS         0.00296        -0.49704        -0.50000         0.50000          .         102
     297  r    103   SBS        -0.02184         0.47816        -0.50000         0.50000          .         103
     298  r    104    BS         0.01422        -0.48578        -0.50000         0.50000          .         104
     299  r    105    BS         0.01335        -0.48665        -0.50000         0.50000          .         105
     300  r    106    BS        -0.00293         0.49707        -0.50000         0.50000          .         106
     301  r    107   SBS        -0.00867         0.49133        -0.50000         0.50000          .         107
     302  r    108   SBS         0.39934        -0.10066        -0.50000         0.50000          .         108
     303  r    109   SBS         0.00243        -0.49757        -0.50000         0.50000          .         109
     304  r    110   SBS        -0.00228         0.49772        -0.50000         0.50000          .         110
     305  r    111   SBS        -0.01291         0.48709        -0.50000         0.50000          .         111
     306  r    112    BS        -0.00793         0.49207        -0.50000         0.50000          .         112
     307  r    113    BS         0.00399        -0.49601        -0.50000         0.50000          .         113
     308  r    114   SBS        -0.00531         0.49469        -0.50000         0.50000          .         114
     309  r    115   SBS         0.38431        -0.11569        -0.50000         0.50000          .         115
     310  r    116    BS        -0.00863         0.49137        -0.50000         0.50000          .         116
     311  r    117   SBS         0.00795        -0.49205        -0.50000         0.50000          .         117
     312  r    118    BS         0.00739        -0.49261        -0.50000         0.50000          .         118
     313  r    119    BS        -0.00051         0.49949        -0.50000         0.50000          .         119
     314  r    120    BS        -0.00576         0.49424        -0.50000         0.50000          .         120
     315  r    121   SBS        -0.00821         0.49179        -0.50000         0.50000          .         121
     316  r    122    BS         0.40630        -0.09370        -0.50000         0.50000          .         122
     317  r    123   SBS        -0.00927         0.49073        -0.50000         0.50000          .         123
     318  r    124   SBS         0.01482        -0.48518        -0.50000         0.50000          .         124
     319  r    125    BS        -0.00214         0.49786        -0.50000         0.50000          .         125
     320  r    126    BS         0.00190        -0.49810        -0.50000         0.50000          .         126
     321  r    127    BS        -0.00993         0.49007        -0.50000         0.50000          .         127
     322  r    128    BS         0.00701        -0.49299        -0.50000         0.50000          .         128
     323  r    129   SBS         0.01121        -0.48879        -0.50000         0.50000          .         129
     324  r    130    BS        -0.00989         0.49011        -0.50000         0.50000          .         130
     325  r    131    BS         0.00738        -0.49262        -0.50000         0.50000          .         131
     326  r    132    BS         0.02039        -0.47961        -0.50000         0.50000          .         132
     327  r    133    BS         0.01082        -0.48918        -0.50000         0.50000          .         133
     328  r    134    BS         0.03879        -0.46121        -0.50000         0.50000          .         134
     329  r    135    BS         0.00985        -0.49015        -0.50000         0.50000          .         135
     330  r    136    BS         0.01084        -0.48916        -0.50000         0.50000          .         136
     331  r    137    BS         0.03394        -0.46606        -0.50000         0.50000          .         137
     332  r    138    BS         0.00535        -0.49465        -0.50000         0.50000          .         138
     333  r    139    BS        -0.01300         0.48700        -0.50000         0.50000          .         139
     334  r    140    BS        -0.00352         0.49648        -0.50000         0.50000          .         140
     335  r    141    BS         0.02901        -0.47099        -0.50000         0.50000          .         141
     336  r    142    BS        -0.01294         0.48706        -0.50000         0.50000          .         142
     337  r    143    BS         0.00456        -0.49544        -0.50000         0.50000          .         143
     338  r    144    BS         0.03527        -0.46473        -0.50000         0.50000          .         144
     339  r    145    BS         0.00101        -0.49899        -0.50000         0.50000          .         145
     340  r    146    BS         0.02739        -0.47261        -0.50000         0.50000          .         146
     341  r    147    BS         0.02037        -0.47963        -0.50000         0.50000          .         147
     342  r    148    BS         0.00102        -0.49898        -0.50000         0.50000          .         148
     343  r    149    BS         0.02596        -0.47404        -0.50000         0.50000          .         149
     344  r    150    BS         0.02442        -0.47558        -0.50000         0.50000          .         150
     345  r    151    BS         0.00375        -0.49625        -0.50000         0.50000          .         151
     346  r    152    BS        -0.02022         0.47978        -0.50000         0.50000          .         152
     347  r    153    BS         0.00356        -0.49644        -0.50000         0.50000          .         153
     348  r    154    BS         0.00377        -0.49623        -0.50000         0.50000          .         154
     349  r    155    BS        -0.01862         0.48138        -0.50000         0.50000          .         155
     350  r    156    BS        -0.00254         0.49746        -0.50000         0.50000          .         156
     351  r    157    BS         0.00431        -0.49569        -0.50000         0.50000          .         157
     352  r    158    BS         0.00467        -0.49533        -0.50000         0.50000          .         158
     353  r    159    BS         0.02153        -0.47847        -0.50000         0.50000          .         159
     354  r    160    BS         0.00432        -0.49568        -0.50000         0.50000          .         160
     355  r    161    BS         0.00036        -0.49964        -0.50000         0.50000          .         161
     356  r    162    BS         0.01813        -0.48187        -0.50000         0.50000          .         162
     357  r    163    BS        -0.01041         0.48959        -0.50000         0.50000          .         163
     358  r    164    BS         0.00531        -0.49469        -0.50000         0.50000          .         164
     359  r    165    BS         0.00038        -0.49962        -0.50000         0.50000          .         165
     360  r    166    BS        -0.01037         0.48963        -0.50000         0.50000          .         166
     361  r    167    BS         0.00729        -0.49271        -0.50000         0.50000          .         167
     362  r    168    BS         0.00892        -0.49108        -0.50000         0.50000          .         168
     363  r    169    BS         0.01132        -0.48868        -0.50000         0.50000          .         169
     364  r    170    BS         0.00533        -0.49467        -0.50000         0.50000          .         170
     365  r    171    BS         0.00714        -0.49286        -0.50000         0.50000          .         171
     366  r    172    BS         0.01138        -0.48862        -0.50000         0.50000          .         172
     367  r    173    BS        -0.00240         0.49760        -0.50000         0.50000          .         173
     368  r    174    BS         0.00031        -0.49969        -0.50000         0.50000          .         174
     369  r    175    BS        -0.00752         0.49248        -0.50000         0.50000          .         175
     370  r    176    BS         0.01092        -0.48908        -0.50000         0.50000          .         176
     371  r    177    BS         0.00319        -0.49681        -0.50000         0.50000          .         177
     372  r    178    BS        -0.00746         0.49254        -0.50000         0.50000          .         178
     373  r    179    BS         0.02126        -0.47874        -0.50000         0.50000          .         179
     374  r    180    BS         0.00289        -0.49711        -0.50000         0.50000          .         180
     375  r    181    BS         0.00186        -0.49814        -0.50000         0.50000          .         181
     376  r    182    BS        -0.00163         0.49837        -0.50000         0.50000          .         182
     377  r    183    BS         0.00307        -0.49693        -0.50000         0.50000          .         183
     378  r    184    BS         0.00189        -0.49811        -0.50000         0.50000          .         184
     379  r    185    BS        -0.00867         0.49133        -0.50000         0.50000          .         185
     380  r    186    BS         0.00578        -0.49422        -0.50000         0.50000          .         186
     381  r    187    BS        -0.00476         0.49524        -0.50000         0.50000          .         187
     382  r    188    BS         0.01324        -0.48676        -0.50000         0.50000          .         188
     383  r    189    BS        -0.00683         0.49317        -0.50000         0.50000          .         189
     384  r    190    BS        -0.00474         0.49526        -0.50000         0.50000          .         190
     385  r    191    BS         0.01726        -0.48274        -0.50000         0.50000          .         191
     386  r    192    BS        -0.00195         0.49805        -0.50000         0.50000          .         192
     387  r    193    BS         0.00687        -0.49313        -0.50000         0.50000          .         193
     388  r    194    BS        -0.01129         0.48871        -0.50000         0.50000          .         194
     389  r    195    BS         0.00549        -0.49451        -0.50000         0.50000          .         195
     390  r    196    BS         0.00693        -0.49307        -0.50000         0.50000          .         196
     391  r    197    BS        -0.01478         0.48522        -0.50000         0.50000          .         197
     392  r    198    BS        -0.00522         0.49478        -0.50000         0.50000          .         198
     393  r    199    BS        -0.00301         0.49699        -0.50000         0.50000          .         199
     394  r    200    BS        -0.01315         0.48685        -0.50000         0.50000          .         200
     395  r    201    BS        -0.00596         0.49404        -0.50000         0.50000          .         201
     396  r    202    BS        -0.00293         0.49707        -0.50000         0.50000          .         202
     397  r    203    BS        -0.00608         0.49392        -0.50000         0.50000          .         203
     398  r    204    BS         0.00376        -0.49624        -0.50000         0.50000          .         204
     399  r    205    BS         0.00148        -0.49852        -0.50000         0.50000          .         205
     400  r    206    BS         0.00245        -0.49755        -0.50000         0.50000          .         206
     401  r    207    BS         0.00096        -0.49904        -0.50000         0.50000          .         207
     402  r    208    BS         0.00152        -0.49848        -0.50000         0.50000          .         208
     403  r    209    BS        -0.00651         0.49349        -0.50000         0.50000          .         209
     404  r    210    BS        -0.00233         0.49767        -0.50000         0.50000          .         210
     405  r    211    BS         0.00182        -0.49818        -0.50000         0.50000          .         211
     406  r    212    BS        -0.00836         0.49164        -0.50000         0.50000          .         212
     407  r    213    BS        -0.00041         0.49959        -0.50000         0.50000          .         213
     408  r    214    BS         0.00190        -0.49810        -0.50000         0.50000          .         214
     409  r    215    BS         0.00368        -0.49632        -0.50000         0.50000          .         215
     410  r    216    BS        -0.00500         0.49500        -0.50000         0.50000          .         216
     411  r    217    BS        -0.00603         0.49397        -0.50000         0.50000          .         217
     412  r    218    BS        -0.00842         0.49158        -0.50000         0.50000          .         218
     413  r    219    BS        -0.00068         0.49932        -0.50000         0.50000          .         219
     414  r    220    BS        -0.00590         0.49410        -0.50000         0.50000          .         220
     415  r    221    BS        -0.02266         0.47734        -0.50000         0.50000          .         221
     416  r    222    BS         0.00626        -0.49374        -0.50000         0.50000          .         222
     417  r    223    BS         0.00399        -0.49601        -0.50000         0.50000          .         223
     418  r    224    BS        -0.01229         0.48771        -0.50000         0.50000          .         224
     419  r    225    BS         0.00266        -0.49734        -0.50000         0.50000          .         225
     420  r    226    BS         0.00421        -0.49579        -0.50000         0.50000          .         226
     421  r    227    BS         0.00667        -0.49333        -0.50000         0.50000          .         227
     422  r    228    BS        -0.00529         0.49471        -0.50000         0.50000          .         228
     423  r    229    BS        -0.00589         0.49411        -0.50000         0.50000          .         229
     424  r    230    BS         0.00659        -0.49341        -0.50000         0.50000          .         230
     425  r    231    BS        -0.01062         0.48938        -0.50000         0.50000          .         231
     426  r    232    BS        -0.00585         0.49415        -0.50000         0.50000          .         232
     427  r    233    BS         0.00339        -0.49661        -0.50000         0.50000          .         233
     428  r    234    BS        -0.00251         0.49749        -0.50000         0.50000          .         234
     429  r    235    BS         0.00060        -0.49940        -0.50000         0.50000          .         235
     430  r    236    BS        -0.00044         0.49956        -0.50000         0.50000          .         236
     431  r    237    BS         0.00249        -0.49751        -0.50000         0.50000          .         237
     432  r    238    BS         0.00061        -0.49939        -0.50000         0.50000          .         238
     433  r    239    BS        -0.00040         0.49960        -0.50000         0.50000          .         239
     434  r    240    BS        -0.00128         0.49872        -0.50000         0.50000          .         240
     435  r    241    BS         0.00193        -0.49807        -0.50000         0.50000          .         241
     436  r    242    BS        -0.01360         0.48640        -0.50000         0.50000          .         242
     437  r    243    BS        -0.00801         0.49199        -0.50000         0.50000          .         243
     438  r    244    BS         0.00193        -0.49807        -0.50000         0.50000          .         244
     439  r    245    BS        -0.01143         0.48857        -0.50000         0.50000          .         245
     440  r    246    BS        -0.00820         0.49180        -0.50000         0.50000          .         246
1

 Section 2 - Variables

  Number  .Column. State  ...Value......  .Obj Gradient.  ..Lower Limit.  ..Upper Limit.  .Dual Variable    m+j

       1  x      1 N SBS         0.49657        -0.00222          .              1.0            -0.00222    247
       2  x      2 N SBS         0.12019         0.00187          .              1.0             0.00187    248
       3  x      3   SBS         0.70372        -0.00039          .              1.0            -0.00039    249
       4  x      4 N SBS         0.91125        -0.00410         0.50000         1.50000        -0.00410    250
       5  x      5 N SBS         0.31547        -0.00394        -0.50000         0.50000        -0.00394    251
       6  x      6    BS         0.00443         0.00124        -0.50000         0.50000         0.00124    252
       7  x      7   SBS        -0.00174        -0.00100        -0.50000         0.50000        -0.00100    253
       8  x      8 N SBS         0.50730         0.00535          .              1.0             0.00535    254
       9  x      9 N SBS         0.12286         0.00807          .              1.0             0.00807    255
      10  x     10 N SBS         0.70533        -0.00326          .              1.0            -0.00326    256
      11  x     11 N SBS         0.93049         0.00770         0.50000         1.50000         0.00770    257
      12  x     12 N SBS         0.32845         0.00207        -0.50000         0.50000         0.00207    258
      13  x     13 N SBS        -0.00133        -0.00178        -0.50000         0.50000        -0.00178    259
      14  x     14 N SBS         0.00308         0.00264        -0.50000         0.50000         0.00264    260
      15  x     15   SBS         0.00354         0.00007           None            None          0.00007    261
      16  x     16   SBS        -0.00005        -0.00000           None            None         -0.00000    262
      17  x     17   SBS        -0.00041        -0.00001           None            None         -0.00001    263
      18  x     18    BS         0.49201        -0.00558           None            None         -0.00558    264
      19  x     19    BS         0.09746         0.00212           None            None          0.00212    265
      20  x     20    BS         0.72305         0.00352           None            None          0.00352    266
      21  x     21    BS         0.91190        -0.00649           None            None         -0.00649    267
      22  x     22    BS         0.32566        -0.00771           None            None         -0.00771    268
      23  x     23   SBS         0.00164         0.00052           None            None          0.00052    269
      24  x     24 N SBS        -0.00501        -0.00271           None            None         -0.00271    270
      25  x     25   SBS        -0.00058        -0.00001           None            None         -0.00001    271
      26  x     26   SBS        -0.00039        -0.00001           None            None         -0.00001    272
      27  x     27   SBS         0.00025         0.00000           None            None          0.00000    273
      28  x     28 N SBS         0.50382         0.00329           None            None          0.00329    274
      29  x     29    BS         0.07124        -0.00001           None            None         -0.00001    275
      30  x     30    BS         0.72474         0.00579           None            None          0.00579    276
      31  x     31    BS         0.92457         0.00238           None            None          0.00238    277
      32  x     32    BS         0.35573         0.00885           None            None          0.00885    278
      33  x     33 N SBS         0.00217         0.00122           None            None          0.00122    279
      34  x     34   SBS        -0.00006         0.00092           None            None          0.00092    280
      35  x     35   SBS        -0.00224        -0.00004           None            None         -0.00004    281
      36  x     36   SBS        -0.00004        -0.00000           None            None         -0.00000    282
      37  x     37   SBS        -0.00004        -0.00000           None            None         -0.00000    283
      38  x     38 N SBS         0.49955        -0.00129           None            None         -0.00129    284
      39  x     39    BS         0.05219        -0.00664           None            None         -0.00664    285
      40  x     40    BS         0.69926        -0.00914           None            None         -0.00914    286
      41  x     41    BS         0.92542         0.00041           None            None          0.00041    287
      42  x     42    BS         0.33884        -0.00462           None            None         -0.00462    288
      43  x     43 N SBS        -0.00319        -0.00160           None            None         -0.00160    289
      44  x     44   SBS         0.00030        -0.00039           None            None         -0.00039    290
      45  x     45   SBS        -0.00299        -0.00006           None            None         -0.00006    291
      46  x     46 A  FR         0.00004         0.00000           None            None          0.00000    292
      47  x     47   SBS        -0.00011        -0.00000           None            None         -0.00000    293
      48  x     48 N SBS         0.50168         0.00165           None            None          0.00165    294
      49  x     49 N  BS         0.07155         0.00964           None            None          0.00964    295
      50  x     50    BS         0.71868         0.00656           None            None          0.00656    296
      51  x     51   SBS         0.92437         0.00019           None            None          0.00019    297
      52  x     52    BS         0.34066        -0.00370           None            None         -0.00370    298
      53  x     53   SBS        -0.00086        -0.00046           None            None         -0.00046    299
      54  x     54 N SBS         0.00265         0.00155           None            None          0.00155    300
      55  x     55   SBS         0.00010         0.00000           None            None          0.00000    301
      56  x     56   SBS         0.00009         0.00000           None            None          0.00000    302
      57  x     57   SBS         0.00074         0.00001           None            None          0.00001    303
      58  x     58 N SBS         0.49571        -0.00341           None            None         -0.00341    304
      59  x     59 N SBS         0.04988         0.00114           None            None          0.00114    305
      60  x     60 N SBS         0.70644        -0.00281           None            None         -0.00281    306
      61  x     61    BS         0.92241        -0.00077           None            None         -0.00077    307
      62  x     62   SBS         0.35679         0.00065           None            None          0.00065    308
      63  x     63    BS         0.00367         0.00206           None            None          0.00206    309
      64  x     64 N SBS        -0.00249        -0.00255           None            None         -0.00255    310
      65  x     65   SBS         0.00071         0.00001           None            None          0.00001    311
      66  x     66   SBS         0.00025         0.00001           None            None          0.00001    312
      67  x     67 A  FR         0.00001         0.00000           None            None          0.00000    313
      68  x     68 N SBS         0.50636         0.00507           None            None          0.00507    314
      69  x     69    BS         0.02750        -0.00217           None            None         -0.00217    315
      70  x     70    BS         0.70819         0.00031           None            None          0.00031    316
      71  x     71    BS         0.92414         0.00120           None            None          0.00120    317
      72  x     72    BS         0.36705        -0.00125           None            None         -0.00125    318
      73  x     73 N SBS        -0.00176        -0.00105           None            None         -0.00105    319
      74  x     74 N SBS         0.00488         0.00350           None            None          0.00350    320
      75  x     75   SBS         0.00025         0.00001           None            None          0.00001    321
      76  x     76 A  FR        -0.00002        -0.00000           None            None         -0.00000    322
      77  x     77   SBS         0.00006         0.00000           None            None          0.00000    323
      78  x     78 N SBS         0.49229        -0.00527           None            None         -0.00527    324
      79  x     79    BS         0.01874         0.00226           None            None          0.00226    325
      80  x     80    BS         0.70852        -0.00018           None            None         -0.00018    326
      81  x     81 N SBS         0.91988        -0.00110           None            None         -0.00110    327
      82  x     82 N SBS         0.38201         0.00338           None            None          0.00338    328
      83  x     83 N SBS        -0.00213        -0.00106           None            None         -0.00106    329
      84  x     84 N SBS        -0.00474        -0.00352           None            None         -0.00352    330
      85  x     85   SBS         0.00035         0.00001           None            None          0.00001    331
      86  x     86   SBS         0.00064         0.00001           None            None          0.00001    332
      87  x     87   SBS         0.00022         0.00000           None            None          0.00000    333
      88  x     88 N SBS         0.50378         0.00340           None            None          0.00340    334
      89  x     89 N SBS         0.00056        -0.00336           None            None         -0.00336    335
      90  x     90 N SBS         0.70990         0.00162           None            None          0.00162    336
      91  x     91   SBS         0.92071        -0.00015           None            None         -0.00015    337
      92  x     92 N SBS         0.38001        -0.00296           None            None         -0.00296    338
      93  x     93 N SBS         0.00261         0.00123           None            None          0.00123    339
      94  x     94 N SBS         0.00275         0.00266           None            None          0.00266    340
      95  x     95   SBS        -0.00021        -0.00000           None            None         -0.00000    341
      96  x     96   SBS         0.00014         0.00000           None            None          0.00000    342
      97  x     97   SBS        -0.00002        -0.00000           None            None         -0.00000    343
      98  x     98 N SBS         0.49865        -0.00119           None            None         -0.00119    344
      99  x     99 N SBS        -0.00077         0.00181           None            None          0.00181    345
     100  x    100    BS         0.70344        -0.00221           None            None         -0.00221    346
     101  x    101   SBS         0.92200        -0.00051           None            None         -0.00051    347
     102  x    102 N SBS         0.39254         0.00497           None            None          0.00497    348
     103  x    103   SBS         0.00146         0.00095           None            None          0.00095    349
     104  x    104 N SBS        -0.00280        -0.00245           None            None         -0.00245    350
     105  x    105   SBS        -0.00018        -0.00000           None            None         -0.00000    351
     106  x    106   SBS        -0.00028        -0.00001           None            None         -0.00001    352
     107  x    107   SBS         0.00052         0.00001           None            None          0.00001    353
     108  x    108   SBS         0.49931        -0.00081           None            None         -0.00081    354
     109  x    109 N SBS        -0.01123        -0.00559           None            None         -0.00559    355
     110  x    110    BS         0.70765         0.00164           None            None          0.00164    356
     111  x    111 N SBS         0.92566         0.00160           None            None          0.00160    357
     112  x    112   SBS         0.38119        -0.00094           None            None         -0.00094    358
     113  x    113 N SBS        -0.00429        -0.00273           None            None         -0.00273    359
     114  x    114 N SBS         0.00365         0.00312           None            None          0.00312    360
     115  x    115 A  FR         0.00003         0.00000           None            None          0.00000    361
     116  x    116   SBS        -0.00052        -0.00001           None            None         -0.00001    362
     117  x    117   SBS         0.00033         0.00001           None            None          0.00001    363
     118  x    118 N SBS         0.50397         0.00199           None            None          0.00199    364
     119  x    119    BS         0.00517         0.00308           None            None          0.00308    365
     120  x    120 N SBS         0.70370        -0.00136           None            None         -0.00136    366
     121  x    121    BS         0.92150        -0.00173           None            None         -0.00173    367
     122  x    122 N SBS         0.37439        -0.00206           None            None         -0.00206    368
     123  x    123 N SBS         0.00319         0.00216           None            None          0.00216    369
     124  x    124 N SBS        -0.00513        -0.00384           None            None         -0.00384    370
     125  x    125   SBS        -0.00032        -0.00001           None            None         -0.00001    371
     126  x    126   SBS        -0.00014        -0.00000           None            None         -0.00000    372
     127  x    127   SBS        -0.00055        -0.00001           None            None         -0.00001    373
     128  x    128   SBS         0.49910        -0.00094           None            None         -0.00094    374
     129  x    129 N SBS         0.00670        -0.00172           None            None         -0.00172    375
     130  x    130    BS         0.70621         0.00100           None            None          0.00100    376
     131  x    131   SBS         0.92577         0.00052           None            None          0.00052    377
     132  x    132    BS         0.37706         0.00183           None            None          0.00183    378
     133  x    133   SBS         0.00016         0.00030           None            None          0.00030    379
     134  x    134 N SBS         0.00477         0.00398           None            None          0.00398    380
     135  x    135   SBS        -0.00021        -0.00000           None            None         -0.00000    381
     136  x    136   SBS        -0.00060        -0.00001           None            None         -0.00001    382
     137  x    137   SBS        -0.00119        -0.00002           None            None         -0.00002    383
     138  x    138   SBS         0.49884        -0.00000           None            None         -0.00000    384
     139  x    139    BS         0.01751         0.00073           None            None          0.00073    385
     140  x    140   SBS         0.70361        -0.00083           None            None         -0.00083    386
     141  x    141 N SBS         0.92761         0.00147           None            None          0.00147    387
     142  x    142   SBS         0.37002         0.00079           None            None          0.00079    388
     143  x    143 N SBS        -0.00437        -0.00304           None            None         -0.00304    389
     144  x    144 N SBS        -0.00475        -0.00404           None            None         -0.00404    390
     145  x    145   SBS         0.00088         0.00002           None            None          0.00002    391
     146  x    146   SBS        -0.00021        -0.00000           None            None         -0.00000    392
     147  x    147   SBS        -0.00005        -0.00000           None            None         -0.00000    393
     148  x    148   SBS         0.49848        -0.00012           None            None         -0.00012    394
     149  x    149    BS         0.02642         0.00615           None            None          0.00615    395
     150  x    150   SBS         0.70483         0.00044           None            None          0.00044    396
     151  x    151   SBS         0.92250        -0.00062           None            None         -0.00062    397
     152  x    152    BS         0.35777        -0.00690           None            None         -0.00690    398
     153  x    153 N SBS         0.00587         0.00480           None            None          0.00480    399
     154  x    154 N SBS         0.00544         0.00469           None            None          0.00469    400
     155  x    155   SBS         0.00229         0.00005           None            None          0.00005    401
     156  x    156   SBS        -0.00037        -0.00001           None            None         -0.00001    402
     157  x    157   SBS         0.00019         0.00000           None            None          0.00000    403
     158  x    158   SBS         0.49857        -0.00027           None            None         -0.00027    404
     159  x    159    BS         0.00722        -0.00352           None            None         -0.00352    405
     160  x    160   SBS         0.70361         0.00085           None            None          0.00085    406
     161  x    161    BS         0.92034         0.00030           None            None          0.00030    407
     162  x    162    BS         0.37752         0.00263           None            None          0.00263    408
     163  x    163    BS        -0.00731        -0.00512           None            None         -0.00512    409
     164  x    164 N SBS        -0.00730        -0.00414           None            None         -0.00414    410
     165  x    165   SBS         0.00165         0.00003           None            None          0.00003    411
     166  x    166   SBS         0.00042         0.00001           None            None          0.00001    412
     167  x    167   SBS         0.00004         0.00000           None            None          0.00000    413
     168  x    168   SBS         0.49988         0.00065           None            None          0.00065    414
     169  x    169    BS         0.00634        -0.00064           None            None         -0.00064    415
     170  x    170    BS         0.69777        -0.00319           None            None         -0.00319    416
     171  x    171    BS         0.91633        -0.00258           None            None         -0.00258    417
     172  x    172    BS         0.38359         0.00260           None            None          0.00260    418
     173  x    173 N SBS         0.00438         0.00365           None            None          0.00365    419
     174  x    174 N SBS        -0.00009         0.00128           None            None          0.00128    420
     175  x    175   SBS        -0.00019        -0.00000           None            None         -0.00000    421
     176  x    176   SBS         0.00015         0.00000           None            None          0.00000    422
     177  x    177   SBS        -0.00041        -0.00001           None            None         -0.00001    423
     178  x    178 N SBS         0.49794        -0.00121           None            None         -0.00121    424
     179  x    179    BS         0.00930        -0.00151           None            None         -0.00151    425
     180  x    180    BS         0.70696         0.00347           None            None          0.00347    426
     181  x    181   SBS         0.92448        -0.00033           None            None         -0.00033    427
     182  x    182    BS         0.37677         0.00178           None            None          0.00178    428
     183  x    183 N SBS        -0.00175        -0.00152           None            None         -0.00152    429
     184  x    184   SBS         0.00069         0.00050           None            None          0.00050    430
     185  x    185   SBS        -0.00084        -0.00002           None            None         -0.00002    431
     186  x    186   SBS         0.00063         0.00001           None            None          0.00001    432
     187  x    187   SBS         0.00040         0.00001           None            None          0.00001    433
     188  x    188   SBS         0.50188         0.00080          .              1.0             0.00080    434
     189  x    189 N SBS         0.02072         0.00229        -0.50000         0.50000         0.00229    435
     190  x    190 N SBS         0.69877        -0.00163         0.20711         1.20711        -0.00163    436
     191  x    191    BS         0.93435         0.00198         0.42388         1.42388         0.00198    437
     192  x    192    BS         0.36048        -0.00325        -0.11732         0.88268        -0.00325    438
     193  x    193   SBS        -0.00048         0.00027        -0.50000         0.50000         0.00027    439
     194  x    194   SBS        -0.00098        -0.00032        -0.50000         0.50000        -0.00032    440

 Time for MPS input                             0.00 seconds
 Time for solving problem                       2.31 seconds
 Time for solution output                       0.05 seconds
 Time for constraint functions                  2.06 seconds
 Time for objective function                    0.16 seconds
